3.7498829806734479e-01	2.5080157083696486e-01
-7.3124633419996532e-02	4.6729455858828928e-02
-1.3236108751447478e-01	-6.7236381960353087e-02
-1.3466580966405781e-01	-9.3680174806222233e-02
-2.8100270924020421e-01	4.1961015206599012e-01
1.9858484377074634e-01	-8.6227790163444888e-03
-2.3985631921785144e-01	7.1307844916121493e-02
2.9241779857474625e-02	-1.5595040732000306e-01
-1.3605340370782509e-01	-5.7347577447482652e-02
-3.7597335142667287e-01	8.2394618671975214e-02
-4.4565115409818218e-01	3.8331660818342793e-02
-1.2013611766685861e-01	5.5074280031384024e-02
-1.4777405844563815e-01	1.3103596690619773e-01
-1.0820392542005812e-01	5.2192376242365897e-02
5.8260861935799976e-02	9.1943731594572517e-03
-4.5373945527238807e-01	2.3928056998332181e-01
2.8581085900475889e-01	1.0925011334127918e-02
1.9216579103267323e-02	-4.3878157633735898e-02
-4.8944439489226133e-01	2.0352498921853944e-03
-4.4303435395050250e-01	1.8118222995512401e-01
-3.8809069642726735e-01	4.4175867422860005e-02
2.6721655778689934e-01	-2.1032749502314532e-01
1.0717844073322909e-01	-1.4156146382519297e-01
2.6614809083590696e-01	-4.4565358705708175e-01
1.6889713230700409e-01	-2.9400924568324349e-01
-4.5758314570869291e-01	-8.9019198902917832e-02
7.2933745161057509e-02	2.4843000199346274e-01
1.1746836154047582e-01	1.8865300563892476e-01
-5.6321927802996649e-02	-2.4075246019394705e-01
-1.8707739708079751e-01	-3.6128350002639788e-02
1.8999507967025267e-01	-3.3911030741719628e-01
-8.8431972828831112e-02	-1.8574542421200790e-01
5.3490555350295899e-02	-2.1096517168107168e-01
1.3566008577601950e-02	2.3876890314103588e-01
6.1496062730606912e-02	-5.2551566316085374e-02
-3.7956870003206748e-03	-5.0897208431844365e-01
1.9054923612041791e-01	-1.8244756072262566e-01
-7.2038794844413861e-02	-2.0887982047733522e-01
-1.6029193036924066e-01	4.7976186126443582e-02
2.1633659468193239e-01	-1.1703514012716208e-01
-3.4739618632892016e-01	-3.1837920599820196e-01
-2.4215167273637514e-01	1.0150976190339692e-01
-1.9862987323313200e-01	-1.3869059637984099e-01
-1.0752275842053202e-01	-3.9848633747025457e-02
1.3179564207831490e-01	-2.1800596947641288e-01
-3.7113217448883082e-03	1.7372352550834075e-01
1.1115517942150277e-01	-9.0035470888071428e-02
2.5260020784643924e-02	1.3234791468728277e-01
1.1267374163488886e-01	2.9366993225911975e-01
1.0479631918435998e-01	-1.9515112952833394e-01
3.5049914895293421e-01	5.3499107822037664e-02
2.1460620969280433e-02	-2.4453925662529880e-01
2.6038648507404993e-01	-1.3298259725741648e-01
-1.7418649199834374e-01	4.2063627034507167e-02
-4.2284281532418605e-01	1.4536751245463969e-01
-2.7503572441969637e-01	2.6992445784453600e-01
1.3681551136029893e-01	2.9595242872311028e-01
4.8707231148361635e-01	1.8112244217321899e-01
2.3784327093866752e-02	2.9905822976129826e-01
-3.9056584030827524e-01	-1.2140147419279712e-01
6.6031295548809293e-02	1.5612344559560731e-01
6.8443660975360518e-02	1.6545438319491881e-01
1.9247792693733554e-01	-9.7347032495374054e-03
-1.7944875711421227e-01	4.0428750476054209e-02
4.4552930540597074e-01	3.9825763538080976e-02
-4.5227920379545355e-01	-3.5568674192922101e-01
2.3180384218614386e-01	-6.3925413164013900e-02
-4.1309757086832222e-01	-9.7418378533152133e-02
-2.9790798694533490e-02	2.2239244242134182e-01
-2.6095173497193025e-01	-5.9896188532686578e-02
2.5274772460850491e-02	-1.8774583319714050e-01
-2.4466246081012047e-01	-1.7627731479639381e-02
5.9752311981469243e-03	-8.5314832797299109e-02
-2.8136489933845049e-01	-4.5011847911761571e-01
-1.4574794206179447e-02	9.6285427791017765e-03
1.2785539809855004e-01	-1.0407439681799585e-02
-9.3109608874327079e-02	1.8986544746627476e-01
-1.5047546328700828e-01	-4.3760984441197032e-01
4.2338988898801763e-02	-2.2559184479211558e-01
3.8237837233587126e-02	-1.2695927012746108e-01
7.7583325760881717e-03	-6.1672296083420411e-02
-2.1772928676164205e-01	-4.2060249555821555e-01
9.2567174873906852e-02	-2.1068696067450673e-03
1.3384381862603373e-01	7.8729574046891206e-03
1.1888099658790591e-01	4.0121960425219183e-01
-5.4412228572347024e-02	-1.8800228784636616e-01
-1.0735523456386332e-02	-2.6087344080667738e-02
-3.7253971211570175e-02	-2.3547289504248450e-01
1.8091162698226948e-01	-1.7094212807986683e-01
-4.5350373831243733e-02	9.9186493868414743e-02
1.6252578577287613e-01	-1.0448262712099332e-01
2.1335097773089956e-01	-7.2944191937802050e-02
-6.1752451398457670e-02	6.2526529544871964e-02
1.3686606682935565e-01	-1.7277501756015434e-01
-1.6154780159224150e-01	-1.0499598468355560e-01
1.6123024166414760e-03	2.3481428584541991e-01
-3.0664629553939862e-02	-1.2034420743527668e-01
-6.9616295864812688e-02	-3.5673288157460487e-01
-1.5946185147727360e-01	-2.3171374694779723e-01
2.1615210131552626e-01	8.1250290450828697e-02
-4.7421346749922273e-02	3.2499654677460205e-01
8.8103725279583114e-02	4.7516027235124558e-01
2.3011631963937484e-01	6.3699815394224243e-02
-1.8428315243396601e-01	-1.4236220671589447e-01
-7.8250048803989586e-02	-3.0709317616224208e-01
3.0872173287719365e-02	2.9686538268524226e-01
-1.4965230484586611e-01	-1.5799781571185359e-01
-3.5479595034289046e-01	-9.7982881095353830e-02
-2.2159942688542211e-01	-4.3608314107294439e-02
-5.8057331230217564e-03	2.0798076958359099e-02
8.9508155371505471e-03	-2.1589637571833742e-01
6.8120890676986439e-03	-3.3804305240995086e-01
4.8449705706784689e-02	1.5723349159868663e-01
2.3125223928826252e-01	1.9383630406662423e-03
-3.2936061290488783e-01	6.8665251490532583e-02
-1.4995071809747285e-01	1.8504654917898722e-01
-2.7778619089262363e-01	-2.5000936172733612e-01
5.8561220669367017e-02	1.9921910652378452e-01
-4.7424523004569874e-01	-5.5840542232676517e-02
-4.7673079350931367e-02	-5.3075659654468373e-02
2.7903436000003645e-01	-2.7780264805678639e-01
-7.0054203403647777e-02	1.9492204192051243e-01
1.6466251141094423e-01	1.1975812906926225e-01
-2.3397348327377696e-01	-1.3112593273794387e-01
2.0231915602820194e-01	-2.3472068723958678e-01
-2.4849495578189738e-02	8.0444382173922149e-02
-4.6825428533450737e-02	-1.3696694485875602e-02
2.8511301658755611e-01	2.0366169696607656e-01
-5.5589261838470388e-03	-3.0745198442021510e-01
7.6058600373061414e-01	8.9084148635093452e-02
1.1516687939712623e-01	-3.9370589735437567e-01
-6.4157543863641489e-02	1.6944001139542114e-01
