-1.4883762171797368e-01	5.6610795405564698e-02
1.7534416341928416e-01	2.5419557861470499e-01
7.6052816410300345e-02	-2.5377862725801753e-02
-1.3394219436668420e-01	2.8661262029177947e-01
-3.4188943260329403e-02	2.9705453717788391e-02
8.4427038078261588e-02	1.1586158597879709e-01
1.0202939460914688e-01	-2.0908143234010185e-01
-8.5656927957608514e-02	-5.4444255237941393e-03
2.0202798032956040e-01	2.4543281265810934e-01
5.6239051712218123e-02	-1.3966344275110018e-01
9.5944592391279712e-02	-1.6376690504803548e-01
1.5270966076409453e-01	-1.2745702007955720e-01
2.5492442798936372e-02	-2.5626550594767938e-01
-5.9480808155661091e-02	-9.8631868682374169e-02
-2.2970953354844965e-02	2.5726731012109832e-01
-8.2005266038170696e-02	-9.1750777449835522e-02
7.9925532232305266e-02	1.2020617496844273e-01
-3.7014180258711914e-02	-9.5068664420631499e-02
2.8905225963537134e-01	1.1361339278770058e-01
1.8587652423475562e-01	8.6877972121433972e-03
-2.6763690448242422e-01	2.5109644296583217e-01
2.6541596734883838e-01	-2.8144365319760327e-02
1.0318502271697236e-01	2.1929997833454537e-01
6.1230260145356624e-02	-1.7821999350531204e-01
-3.5819463333054427e-02	4.8133958586794492e-02
-2.1123201213977080e-02	-9.2674343668138204e-02
1.3621945065988952e-01	-5.2889173731465587e-02
1.8714941600043589e-01	1.0465007586957925e-01
-5.5074089527387612e-02	-1.6906241567833064e-01
6.0205859893848884e-02	-2.5775514388550788e-02
1.9138094391755034e-01	6.6701727534424909e-02
1.7077462927544976e-02	-1.8670264808437312e-01
-1.2735166126970413e-01	-1.2785087277277793e-01
-3.9147728707368823e-01	8.4714459192068117e-02
2.4689188351490182e-01	-2.7970798316140455e-01
-1.6418462495263664e-01	5.7312404327287854e-03
1.7861677433032321e-02	1.2807596004338792e-01
-3.3351497975173244e-01	8.8149315412061016e-02
-1.7864798485406239e-01	-1.4292679089323748e-01
1.6227146441833859e-01	3.5435295704692976e-02
2.3338295213460797e-01	-1.8874291459253956e-02
-9.7340112151262398e-02	-6.9178162748763400e-02
2.2412800343536571e-01	-3.4100673156691536e-01
-8.9843488283823839e-02	-1.2967502418640420e-01
-1.0831910396641901e-01	5.6437259577128793e-02
1.2492817952736164e-02	-2.8015093987537670e-01
3.2410481942875663e-01	-4.5025470053773851e-02
1.3949730835975980e-02	4.1577639709327430e-01
-3.2358180201669681e-02	-1.4848688712399770e-02
-1.5166002381746790e-01	-5.0152244308270914e-02
2.2471846590244714e-02	9.9729628840813073e-02
1.5295933125807756e-01	-4.9880281433549584e-02
5.2695385168485591e-02	-4.0515114558119132e-02
1.4633137654780917e-01	1.0299254486964007e-01
1.8382523828103667e-01	9.2525552375961592e-02
7.3171730846076435e-02	-2.2653317497997399e-01
1.6514589920180936e-01	-6.6597348822682437e-02
-1.2370362200854169e-01	-2.2660219084781622e-01
-5.2861334295135370e-02	1.5494675898189048e-01
1.5867651023832385e-01	9.4790577209861615e-02
-2.5458470555135926e-01	-1.1391538142988689e-01
-2.7498988209742820e-01	1.8643705683300427e-01
-4.1688508482160668e-03	-1.1182855355896855e-01
7.1817654455556728e-03	-5.0427533624898668e-01
-3.3567763493024580e-02	-4.9493382176274379e-02
1.6669498696423854e-02	1.7117595125625087e-01
1.7449976445673182e-01	-2.4138500079670572e-01
6.6760707750658871e-02	-3.9244327202402493e-02
-3.5236913033247198e-02	1.5310479060737631e-01
-1.6883985173710722e-01	-2.0408264158480302e-01
-5.6984977793709306e-02	-2.1855398231544329e-01
1.4655876555090958e-01	-7.2648283256073240e-02
-1.3499819171163499e-01	-8.6278909772543502e-02
-5.7059573670343845e-02	-9.7269180653965972e-03
-3.1164149748731919e-02	-3.1251602344182471e-02
4.9591643041399305e-02	7.4899372416977028e-02
4.7659344845320500e-02	1.4471637883850915e-02
1.0411655605223549e-01	-1.7040789689208333e-01
-1.1521690817442888e-01	-3.0278451150122919e-02
-9.7002106680824915e-02	-2.7588642971076216e-01
-5.1772901261689874e-02	6.1870824084905698e-02
-1.9466548551275767e-01	4.8361435277675439e-02
-3.2937593201535748e-02	-1.3881988584512969e-01
2.7644666326034739e-01	-1.7555582058017036e-01
-8.5650929719213606e-02	2.1260377165763170e-01
-9.7618163965897065e-02	3.1808650349825218e-02
1.4425189967664601e-01	-1.0494262724955034e-01
2.2579585028024873e-02	4.8006467434653755e-02
4.5078570182053621e-02	9.8084617312391681e-02
-1.3979194642257298e-01	7.8679308380545182e-02
2.5106076695227825e-01	1.9134394371736618e-01
2.1178428793602394e-01	-1.9399772949613076e-01
5.5955766337835534e-02	2.2028964484735500e-02
-1.2737896157205333e-01	1.5033509280180426e-02
4.7738866680366129e-02	4.0229583405605024e-01
9.9401932746559521e-02	-2.3842928449179304e-01
-7.9202582994535656e-03	1.8707085030824575e-01
2.1062862395527721e-01	-4.8180152694674107e-02
-1.9775573106225179e-02	-9.2997201619120451e-02
7.3082881448638712e-02	-1.4355683371508093e-01
-3.0047310315511966e-01	-5.8291780773869123e-02
3.2383415656059589e-01	3.2913036330697282e-01
-1.5340511765027289e-03	2.1022208812098100e-01
5.2523911513427467e-02	1.3031297569036540e-01
-7.2549114437279905e-02	7.3899155368901161e-03
2.3070306276700966e-01	3.0079757716797613e-02
-4.6768092074874867e-02	1.4703180969610885e-01
2.9890549198837268e-02	4.2133645460790875e-02
8.3841708686807070e-02	-1.0980578420429420e-01
-2.0011107820057294e-01	1.9422360059639829e-01
1.7975555879901545e-01	-1.5807774865646179e-01
-1.4073728558635218e-01	-1.7358830193053187e-01
-1.9260415408804021e-01	4.8012477178905381e-02
1.5583737124858973e-01	1.5234631254286204e-01
1.2418759434530396e-01	5.3694547898842954e-02
6.2982849089885717e-02	8.2184809539056575e-02
-1.5692810274015889e-01	-1.2175481487662004e-01
-1.9243968533156200e-02	-6.2202472692991714e-02
-1.2319964509409660e-01	-4.3628518131969829e-02
-2.9112300225654603e-01	1.1582042032380264e-01
1.5310995275061327e-02	2.9234704533125610e-02
1.4200825018343888e-01	1.1796829133206149e-01
1.3305520360569204e-01	-5.4099656805720514e-02
-3.2885060535285546e-02	-2.6179819085435312e-02
-2.2495592543357701e-01	3.9409627287132119e-02
8.1415551787044488e-02	-1.1929769630596525e-01
-1.4051598310619962e-01	-2.0558413117680835e-02
-4.5245739466218571e-02	-8.3986332525543203e-02
-1.4525321898088481e-01	1.8842156117628797e-01
1.5958314822716557e-01	1.2638007319271068e-02
1.9492114318137860e-01	-5.8029907864721175e-02
6.4027576627199892e-02	1.6047679891796471e-01
-1.1532767098771170e-01	1.6248261304672212e-01
