4.2204345776654095e-01	5.3133471848017838e-02
-1.7742225954365379e-02	-1.2077450834840024e-01
-8.0339333397400639e-02	-1.7036262403820186e-02
-2.7113985419585129e-01	1.7824847886909887e-02
-3.5544482827791615e-02	-2.8795898162536335e-02
1.4913645434751241e-01	-1.4167819472701115e-01
-1.7303811353831297e-01	4.9294471726917234e-02
-1.3986126794293349e-01	5.6648518940001003e-01
-1.9996229237395627e-01	1.8711271886552294e-01
1.7949683219612533e-01	1.6198754483111108e-01
-3.3018520987542838e-01	-3.3522491543338628e-01
9.2460064561533120e-02	1.0113927520029235e-01
-2.0784690116253637e-01	3.5808960764296766e-01
-2.2184136874943769e-01	-4.8485005066305686e-01
1.5858639203742769e-01	5.5540764276551115e-02
-1.9698292475053633e-01	1.6948631201287728e-01
-2.8327994672709261e-01	-8.5833146836524959e-02
3.5886837773650947e-02	3.1359773109508549e-02
1.5842836407420480e-01	-3.1198687447865459e-01
-5.4202715436430474e-02	-1.5413083929471594e-01
2.3437592354228032e-01	2.0004932733629879e-01
-1.2661124578987609e-01	3.6526323996130206e-01
2.9582392789983974e-01	2.5665815049848556e-01
4.4626068002726560e-02	-3.3883101235009949e-03
-2.0826909034638505e-02	-2.5343379588698212e-01
1.2346739193948696e-01	-9.9554841983104693e-03
-4.4839976310909996e-01	-2.8256075978957085e-01
-3.5882038704996166e-01	-1.7245055343815568e-01
-1.4407237151166000e-01	-2.0808797303766388e-01
2.1930396123621734e-01	-1.4872250119798022e-01
4.8386942693439322e-02	-1.5615838749967687e-01
1.7703050410726950e-02	-4.0084701098374552e-02
-5.4847636108951003e-01	4.6871523486302802e-02
-9.3350073075353771e-02	3.6265307829332177e-01
1.0451836986278974e-01	2.4202753547093243e-02
-8.4975216482039741e-03	-7.6161805415087533e-02
-3.4806351570524396e-01	3.9162945744156574e-02
2.4441801323621992e-01	1.1347161198929392e-01
-3.0609941451623562e-01	2.3268332636909048e-01
6.0652130037543300e-02	1.6460906261768219e-02
-1.5200059629240886e-01	-7.8417510192933360e-02
4.1079652479146578e-01	-1.7820317822735868e-01
-5.3701166040666859e-01	-6.2734497987595339e-02
3.7943321801077984e-01	-1.7651268041992649e-01
1.9291818120799845e-01	-2.9081902052805159e-01
1.3061668241491381e-02	3.2449825724354070e-01
4.0571530603952952e-02	-1.7563480063188325e-01
-1.8390184093584974e-01	3.0029215405440696e-01
6.6722333890449154e-02	2.1909847647545561e-01
-2.7139521735968664e-01	9.2232972468134000e-02
1.5384307034561842e-01	-1.8638190961405146e-01
-1.3633370224361610e-01	2.2194335393551753e-01
-5.1246789537236637e-01	2.0831629568035689e-01
-3.7066077689627075e-03	-4.9323085252414141e-02
7.8819783202285429e-02	2.1674498960638450e-01
-2.9437108201528499e-02	-2.3458415360770701e-01
-2.1294436084108559e-01	2.4278562642408766e-01
-3.6397061654515678e-01	1.5278397052969109e-01
-1.9759358374451152e-02	-6.4704267087780473e-02
9.0906287436942435e-01	2.6250200186368133e-01
-3.5355841606819527e-01	-5.5642255111490554e-02
2.3780983012277437e-01	-2.8466380776547132e-02
3.7427202746821336e-01	-2.7473283692631184e-01
-2.6486858732817636e-01	2.1318149616926801e-01
-1.5920392193257946e-02	5.9301713181826435e-02
-1.5589999535867521e-01	-3.3642511338640230e-01
4.0233467225571494e-02	2.2804265680708591e-01
-1.8429962794380353e-01	3.4883051143939620e-01
-3.7587081381084658e-02	-2.5122049912388861e-01
9.1657324509553287e-02	-2.6067032909565352e-01
-2.4377609032601430e-01	1.5554470015232530e-01
-2.7627420632753324e-01	2.5639874572425558e-01
-9.2404595926460192e-02	-1.4321398909113908e-01
2.1616837290741722e-01	8.5066009247327587e-03
2.3651400282710952e-01	1.9789363811732047e-01
3.0993078391357398e-01	-5.4956502899825628e-02
-1.6790133886932079e-01	2.0136380474964119e-01
-2.2250500705663720e-01	9.6247299479582396e-02
-8.9825993839396226e-02	-1.8218687972056344e-01
-2.4039249859871781e-01	1.0922835055326965e-01
1.7416603660517879e-01	-3.8032715747604939e-01
-4.6536903300903501e-02	-2.6729033793383740e-02
1.9226533249931974e-01	-9.4126848336501812e-03
-2.3671146648816985e-01	1.2237172170443189e-01
1.2620547925518535e-01	-3.4129284758917333e-01
-1.0925669365006338e-01	-2.2294627283606955e-01
4.5254524075615143e-02	4.0133083426575666e-01
-5.7970922954225279e-01	3.5409588678563482e-02
-5.3917998043860882e-01	9.9544905588154209e-02
-1.0568940982590733e-01	-2.1212362641898022e-01
-2.2660311899574082e-01	2.5911103310196221e-01
2.1841856637576518e-01	-2.1322114063554917e-01
-2.7564654102184688e-01	-4.9079615113323649e-02
4.7519554945371195e-01	1.7265546768404727e-01
1.9626126141590694e-01	9.9651546143428221e-02
-3.9388104154083309e-02	-4.3415987332921185e-01
-1.2446929981707239e-01	3.1718718292896381e-02
3.9823053510928302e-01	1.1081447595501816e-01
-4.0818468109448691e-01	-1.8413743932086532e-01
-3.4271652616267972e-01	5.7582909959127271e-01
-1.2684361994693361e-01	4.0157559228323120e-01
2.3904563316301867e-02	-4.2275800414150183e-01
1.9767496521293115e-01	-4.0622859129810884e-01
4.7479956013751429e-01	2.3268108959760517e-02
1.1822727558515234e-01	-1.1457358636218254e-01
1.6922788900315414e-01	3.2623040314277034e-02
-2.3612838248154532e-02	6.0258440961840763e-02
1.7760501580378824e-01	-5.4449449092555335e-01
1.5524696658042115e-02	3.1501967948587883e-01
-1.1666297317557002e-01	3.3862360515283269e-01
-2.5328405539955495e-01	4.1590337057748833e-01
-1.1461419960792797e-01	2.3395652504512918e-01
-2.8483580176079543e-01	3.9221342076477100e-01
-2.9685141225874637e-02	-6.8678026309016524e-02
-1.0301404089628188e-01	-2.2266605633734771e-02
3.0740145574126736e-02	-2.5990927572597677e-01
4.0396043916858004e-01	-2.3315407654585166e-01
-4.1448303438198614e-01	1.9992099606830785e-01
-8.9953125275957557e-02	-1.1306093832938127e-01
2.2191883782909764e-02	-2.6023323414625915e-01
-1.0014241229981125e-01	2.6299692778395406e-01
-5.6225499802170342e-01	-1.5334119136286634e-01
-3.3233274946783359e-01	-2.5148306765172285e-01
2.1138740513151072e-01	-4.9598861396155497e-01
-2.0673651600244297e-01	-2.0020967620623614e-01
1.8846192533356379e-01	4.9071611211885813e-01
-3.9255938428892932e-02	8.9592394333035369e-02
7.7161945082607486e-02	-6.0063076039561868e-02
2.0243378303040982e-01	-2.1837561130479774e-01
-1.3770303353525923e-01	3.3963910779935036e-01
-3.2762477685897595e-01	-2.0980819949755056e-01
2.2563674692838884e-01	-3.2437412213567954e-02
7.9574920735648411e-02	-5.5221117671755311e-02
1.6591556796725290e-02	-4.7198364901759382e-02
