-2.1361338982177391e-01	-1.0349307084921608e-02
3.5032609185859480e-02	-2.3439031074762479e-01
-1.6779082541477536e-01	4.9900293147268585e-02
5.2694750138130395e-02	-1.6342356565289948e-01
1.6759934444205669e-02	-5.8916892050626841e-02
-9.6159220078187516e-02	5.6753565749121798e-02
2.3322621633688140e-01	1.9526437433371010e-02
-8.6249665196103942e-02	-1.6643050226520142e-02
-2.2167073732089554e-01	8.0406370239164943e-02
1.7776664818984181e-01	-9.0857283351932674e-02
-3.5179334323768741e-01	1.8873358188895228e-01
-1.4345340535228182e-01	3.4072193752765663e-02
-1.1397485276476910e-01	-1.0109116165391223e-01
3.3493528765849462e-02	9.8952791061581530e-02
-4.9655649151518566e-01	-8.2526899625030292e-02
2.6661243138728014e-01	1.8356006134966701e-01
4.1563426892878928e-03	-3.2119958968034818e-03
1.0385242495377946e-01	1.7313711452337663e-01
7.8680156970913309e-02	2.0995054749254286e-02
6.9299590824453125e-02	9.6362535458002371e-02
1.0079655979971081e-01	1.8240748888966724e-01
-1.5052343557780717e-02	-2.3729243392551044e-01
6.6491313968266963e-02	-1.3550425485287065e-01
6.7768895222408601e-02	-4.9102696293321646e-02
1.8278415504208095e-02	5.2885870275824018e-02
-2.1729992023599448e-01	3.3197964023230705e-02
1.2686748690961050e-01	4.4874479574122481e-02
4.5231737853700764e-02	7.9193782438146454e-02
-1.8105223163373079e-02	-1.1831103582652069e-01
7.9487031224783969e-02	-1.9730044558780958e-02
-1.4896562342018585e-01	-4.9407721611621339e-02
-2.3293223938733947e-02	-2.1935337725076030e-02
-8.2088125516282154e-02	1.2037499586661445e-02
8.3846419193957605e-02	-1.6992703327462333e-01
-1.2997144395203231e-01	-9.0958716059073019e-02
-4.4711157091982673e-02	-1.6116872042360256e-01
-1.5362585458220179e-02	-3.1877138438755115e-02
4.8554816929163788e-02	-2.2713167801746226e-03
1.1104999581525096e-01	9.4242089568701254e-02
-1.2411936664502687e-01	-3.9853022407390484e-02
1.0612462434244666e-01	9.5535246187120185e-02
1.1708412972265518e-02	-1.9895198986625667e-01
2.6087832148697820e-01	-1.9172582317979869e-01
-2.6095983976911742e-02	1.5060824062399555e-01
-2.7682011720380512e-01	1.4964208886656746e-01
-2.2252067712767089e-02	-1.2935370874675171e-02
7.2911191509610493e-02	-6.8171257166989144e-02
3.5988986682770334e-02	-4.8758570433975440e-02
2.4956221788082783e-01	4.3855510422329783e-02
-2.6630246742364850e-02	-1.4980997358327672e-01
6.3925310655894629e-02	-1.0411756499814469e-01
9.7182260949399950e-03	-2.2215777884090854e-01
-1.8122667070002842e-02	-1.1294650676118720e-01
-8.3278038490231368e-02	2.3753404191780365e-02
7.8713929224425005e-03	1.0410510489722306e-01
1.8903327572991735e-01	-5.5356650435004789e-02
-2.0990719368691133e-01	-1.5183604258130647e-02
1.2985157983146370e-01	8.1171624795357097e-02
2.1022120641444594e-01	-1.2092757692650570e-01
1.8878086138482808e-01	-1.1328109735736877e-01
-4.9881811016156633e-03	1.5054067599402390e-01
1.8148135628720027e-01	-1.7208598152441024e-01
1.7679189061373307e-01	-9.4874220860831374e-02
4.7981874754256734e-02	-1.2096910959103860e-01
1.1602164624772096e-01	6.8282999040913214e-02
2.0854584159116865e-01	-4.6874588108270387e-02
1.6649212882011304e-02	9.9737707557685129e-02
-3.1064077196930329e-02	1.5306839569900449e-01
-2.4555542487050192e-03	1.0299037153744568e-01
4.2549167228563434e-03	1.6920046213922355e-01
-2.5088908275882243e-01	1.9098517214603145e-01
2.9293059670281080e-02	1.5046119343260977e-01
-4.0110391692271619e-03	1.4621657373389729e-01
-1.2015751966110905e-01	-4.5443677305253130e-02
4.7981414308237096e-02	-7.1165167552346073e-02
3.2565354889966718e-03	-2.5033274384506166e-01
-5.1337604280628460e-02	7.7134139922456707e-04
-1.6033964889451557e-01	-6.5165067404340762e-02
5.1899241783453752e-02	1.0351998897668800e-01
-8.9034262625630287e-02	9.5310285958487992e-02
-3.3873968818905753e-01	-3.3190956508278149e-02
-4.0262798780797561e-02	-7.6254151076461787e-02
1.1488658928878331e-01	-2.9531375746674077e-01
-1.9554961071855156e-01	1.9517456419951895e-01
-9.1293488662917713e-02	-2.7584368349909974e-02
3.4184171534571567e-02	6.6559618903927531e-02
-3.0897557915442880e-02	7.0709829547430207e-03
-1.7274761679296393e-02	8.0636933873719521e-02
-1.2528899189163428e-01	6.9679816607260803e-02
-2.2973718159881351e-01	-1.0863056672607919e-01
-2.5230463485005911e-01	3.7602160531530232e-02
-8.0323798251351788e-02	-1.4286038044063723e-01
2.5323392576051545e-01	-9.8156538403050303e-02
2.4109756232245580e-02	3.8241528678683828e-02
-3.2350262908466355e-02	-5.0696928704017229e-02
-1.4049188637353552e-01	-6.9834452852952617e-02
3.0447555657237165e-02	-7.9792980722921666e-02
4.7920125482001752e-02	1.2311807984119204e-01
-2.5024850118902521e-02	1.7334562563453956e-01
5.1755132252598070e-02	1.3539847425012067e-01
1.1046051864801469e-01	-2.4269495461291712e-01
-1.4322598966501461e-02	2.3890695787353575e-01
4.9295354119319647e-03	4.7095191180732396e-02
2.0523074235350039e-01	-2.0008119366425520e-01
2.2454782863579499e-02	8.6573017900638538e-03
-2.9441743418302402e-01	5.0969480243636768e-02
-2.7951859410937280e-01	-5.2586460003178584e-02
-1.7254497805890703e-01	6.3748533562461282e-02
2.1742575627147938e-03	-1.5187837008728050e-01
-1.4046666826245094e-01	3.1771374456899454e-02
2.4632129832148023e-03	3.8686025719943860e-02
-3.9572215488835383e-02	5.0004331266564041e-02
6.1027317825623789e-02	2.3056182348310370e-01
7.5279745382161839e-02	9.2113598750965982e-03
-3.8551284527991815e-02	7.1232595697193687e-02
1.1996629104601220e-01	-3.4203121631119099e-01
-4.3542504150350894e-02	-1.1937288041579434e-01
1.0631778412647654e-01	-5.1964212487144119e-02
-8.5006966767936315e-02	-1.7750344294053391e-01
-1.8370174163665079e-01	5.6741423576179270e-02
1.8152627101447535e-02	1.1345656356832026e-01
-1.6781578241961384e-01	-2.2799904811591429e-01
1.1932209912190471e-01	-1.4453662272766288e-01
1.6498823411824795e-01	-1.6152062403761316e-01
5.2513950384913986e-02	1.4096717907375594e-01
-1.4691033925800323e-01	6.2335937045861510e-02
-1.5430827848388301e-01	-8.1705041127310030e-02
-1.5944087327545703e-01	-4.6092249744221908e-02
-1.7002067799351087e-01	1.4001300215438395e-01
-2.0772844368880428e-01	-8.2744397124784194e-02
2.7824218132244428e-02	1.2879494012019677e-01
-1.3970038554110012e-01	-1.2265674592067517e-02
1.8838944628115747e-01	1.7489978670771000e-01
-1.0209807892720275e-01	3.3003669704996921e-02
2.5191385409376571e-02	-2.9447080582258173e-01
-7.3752985738873456e-02	-4.3730922134016234e-02
-3.6201491506800437e-02	-1.9086525298326434e-01
-3.8129336980220710e-02	-2.3732810721314410e-01
-7.0699287410018033e-02	1.0529226439237442e-01
-1.0192145207661989e-01	1.5791236420668051e-01
-1.5359372380883621e-01	1.9907624472208163e-01
-8.2564035710736478e-02	1.7993661548541873e-01
6.2906292829516777e-02	2.6246688463630014e-01
1.7300118954006960e-01	1.2669910054061342e-01
