-1.5787599312568311e-02	1.2956233223353947e-01
8.4589121956710256e-02	5.2992533880859991e-02
2.6964916083582546e-01	1.7350551681109813e-01
2.0278672977294324e-01	6.3453228092701123e-03
-4.5589978022098243e-01	1.2169238748121328e-01
2.4575535531870440e-01	-7.5062668664980153e-02
4.3029487897529979e-02	-7.3391693086697685e-02
6.0125345016861377e-02	-4.8560787990633618e-02
1.1329010312114286e-01	1.8967404188211797e-02
1.6071875625876142e-01	1.4612670233443398e-01
1.1020910319448465e-01	-6.8734025689176040e-02
3.2226144121642825e-01	-2.6182384097408506e-01
-3.1794222073640183e-01	-3.0063033178062398e-01
-1.2788157301769684e-01	-1.2467910557629318e-01
2.2833741921532669e-01	1.6492300637648888e-01
-5.3880348065047115e-02	1.4741330322549775e-01
-7.0629176883797690e-02	-2.5380099601479506e-01
-3.0264546154771751e-02	3.2549655242363966e-02
-3.2339148028932015e-02	-2.2154933168244406e-01
8.9596552063501589e-02	2.5549493947360330e-01
2.1502763655840890e-02	3.6426958434519247e-01
1.2787989192189766e-01	1.1091908447305064e-01
-8.7963500685984505e-02	-3.5976223604742852e-01
-4.2344699200057945e-01	-1.1068787159832734e-01
-2.5696348066208768e-01	-1.2597167432471154e-01
-2.6659483566823572e-01	4.0767901178122729e-01
5.5842972449228319e-02	2.2049057860769031e-01
8.5386425910607272e-02	5.5068432041047263e-02
8.5620022618347169e-02	1.2968685600619390e-01
-1.6843308270176724e-01	7.5068835222805066e-02
-2.2787208319702115e-02	2.0440421697419980e-01
2.9835277762379531e-01	-9.8711575664692089e-02
1.1695844412924306e-01	-5.6439418654390283e-02
-6.1689697521240414e-02	-6.1363076990636221e-02
-7.5869950363818314e-02	1.2247861106731556e-01
-2.0292809541786411e-01	1.6635844429145977e-01
-2.3856006928748152e-01	-1.2248031621295373e-01
3.2669256753256809e-01	-1.0206769912252218e-01
-1.6032898651981603e-01	-3.5186923038069396e-03
1.8883611114650858e-01	3.9515452954199848e-01
5.5527209561304004e-02	2.3121772195258691e-01
-9.6869750116105047e-03	-8.3436242353170428e-03
3.3725148151919231e-02	1.4595863624090566e-01
3.2950480353284933e-02	-3.2444847216863520e-01
8.3454403997114179e-02	-1.3613747245823579e-01
-1.4576022295379806e-01	-2.8696012448266101e-02
1.2709586352104246e-01	1.7233624642641890e-01
3.2805229349658294e-02	-2.8322790139805952e-02
-2.0350443718525357e-01	2.6411331450004918e-02
-6.4825987552002973e-02	3.1782186403419205e-01
-1.1093285205647728e-01	-1.8734969332510598e-01
6.3958475698600969e-02	1.0871287180835412e-01
-4.5914566326287654e-02	1.5920631999507429e-01
2.3742608470123515e-02	3.2804608693505814e-02
3.3238203321501153e-01	-2.9081603700909814e-01
8.1901677600095799e-02	-1.4685233461487712e-01
-1.0922473979607818e-01	1.7673371913411756e-01
-3.3384622010327797e-02	-5.8810983330481112e-02
-8.3609091145951289e-02	-1.0519010332168954e-02
2.0891829464663326e-03	-3.4065522842694101e-01
2.2778423347262253e-01	-9.1551169935955287e-02
5.5395056051654623e-02	-2.3747374095691665e-01
9.2891730660791913e-02	1.1187438377316346e-02
1.2755744684680801e-02	-4.9050049667439463e-03
1.5528021698902977e-01	2.4632385763603692e-01
-2.6786416294366955e-02	-1.3055566230304610e-01
1.6824776348107678e-01	5.2863050250610499e-02
1.9683202184856005e-01	-1.6722162612065214e-01
-1.5870191634879879e-01	8.0077040870562624e-02
-3.2657829375068809e-02	1.4167430718178466e-03
-7.4468649981611013e-02	2.9181849778664920e-01
-2.3096134093589429e-02	-2.2419540928486949e-02
3.3108081385425331e-01	-3.1782451241658731e-02
-1.9914249569753481e-01	-1.4901290198012862e-01
7.2870589643909633e-02	-3.8482552443123187e-02
5.0732057051761863e-02	-4.7580255878125276e-02
-2.9446368383800275e-01	-4.2479938441323284e-01
-1.5988146811394308e-02	-1.7708501472518040e-02
1.7308211341073947e-02	4.4071544006761360e-02
-1.8633181156429782e-01	-3.8973975201663895e-02
-1.8016979511410103e-01	-1.9474511017578855e-01
1.2551902207089963e-01	-1.8110896591234812e-01
2.2595203364115402e-01	-6.0172829362440866e-02
-3.5024509496962819e-01	-7.8676758420383290e-03
-5.2206670965235888e-02	-5.7647409462138310e-02
2.8664714737870640e-02	-2.1792898070766129e-01
3.2757431130779641e-02	-1.2701946573183054e-01
1.2644300143554266e-01	1.3779563975017151e-01
-1.8983281297361604e-01	9.7732697103142877e-02
-4.2775102114587855e-02	2.7519368492827517e-01
-1.4626495235436610e-01	-5.5860813966052671e-02
1.5338175214910721e-01	-6.4071207524810658e-02
2.6506939052099060e-01	-1.3793303582169630e-01
-3.1247675978105009e-02	-7.4104337517333987e-02
-6.9120113757618631e-02	3.8793025283247018e-02
1.0730994519944977e-01	1.0303192850348566e-01
-1.2065537461489766e-01	1.5648786786809318e-01
-1.3624216240756951e-01	1.6553756249962101e-01
2.2724105993303428e-01	2.3044309639324020e-01
9.1127806122426585e-04	-6.6803082649388945e-02
2.3507621292629310e-01	3.8328052009644210e-02
9.3228890023411504e-02	-1.3866733902333961e-01
4.0333647259132160e-01	-7.1583723222536019e-02
1.2377916231226790e-01	-1.2463096373959116e-01
-3.7436657817441321e-02	2.3099305229554078e-02
3.7420837110004400e-02	3.6979028482177834e-01
4.5250291005716411e-02	-3.8139421034995563e-01
2.6490688356861841e-01	1.8362952158330031e-01
2.5938792713332565e-01	-4.7826681732942529e-02
-1.4068003091110748e-01	-3.7260649245562175e-02
-1.8893255574692217e-01	2.9724211646449500e-01
-1.4144036041749805e-01	9.5773458791044555e-02
2.0249358862796291e-01	-9.6036048262954435e-02
-1.9961046020309461e-01	-4.3044287709096241e-02
3.6563601311283923e-02	-1.8374960378398783e-01
1.4705205822497530e-01	-4.2038065941056885e-02
-1.1575246241564684e-01	1.3395334954757757e-01
-5.5330102553371327e-02	-1.0122505611640739e-01
-5.8619055180992544e-02	1.7939624989856851e-02
2.3018655965367882e-02	1.6670616752770714e-01
-1.6008774688373331e-01	1.3647165501263778e-01
-9.5903624479227179e-02	1.9599045585090716e-01
5.6628114202635943e-02	1.2175963824977300e-01
-1.5946022676732033e-01	1.6353662786543860e-01
6.3041405382923870e-03	-8.6895839565722055e-02
2.0366778561896648e-01	-1.6949326617671368e-01
