3.9439878578958885e-02	-5.8338892956624561e-02
-1.2451825152950692e-01	-7.3956449369570881e-02
-2.8527081029794754e-03	-7.1609607062956743e-02
5.8729284952685507e-02	-5.6689525026125974e-02
1.9776036252405552e-03	-6.7245994930256875e-02
9.5923131018450944e-02	1.2458203193152644e-01
8.8212332721392447e-03	6.6146374840118830e-02
-1.7082055151858921e-01	-5.2922389363576398e-02
5.7837302466872256e-02	-3.7132129751109307e-02
2.1053976741664156e-02	1.1723511667637355e-03
1.4415417958224211e-01	-2.0523187242144803e-02
3.6083763698473839e-02	2.0900099260706292e-02
3.9011649157144446e-02	1.4751637129334899e-01
-1.0638563745548041e-01	-1.1141013309436150e-01
1.0990079761547623e-01	-2.2971192056959974e-01
8.3297050045814947e-02	3.9120263309570115e-02
8.4658002410678612e-02	1.0887280326400839e-01
3.2473058062733276e-02	1.0371345497689333e-01
4.7767886118763474e-02	-1.2367359092506580e-02
9.9103567088710265e-02	1.4157168405398286e-02
3.4099830894589962e-02	2.5913483528947040e-02
-6.3246458621997112e-02	-5.7756045521922622e-02
1.5338447143493214e-03	1.9639311028490536e-02
5.9455241588241510e-02	4.3051507648295684e-02
-5.7794987608909353e-02	-1.0163690318462586e-01
-3.5283447596145198e-02	-1.8914358285300553e-01
-4.1045996710361250e-02	-2.0788771873164258e-01
-6.7624189509349411e-02	-4.2165243740116910e-02
1.1328742147705112e-01	3.2368027366135185e-02
-8.3750511524884205e-02	-9.3507313536072847e-02
1.9950459174438204e-01	-2.2638409633162285e-02
5.8336832177175696e-02	-7.0087906293859409e-03
3.2903141808098071e-02	-6.7867518544091440e-02
-2.1168145661576367e-03	-4.0665944555763375e-02
2.0465327577581988e-01	2.8207482924534372e-02
3.6787600881916661e-02	7.2283153094559766e-02
3.4203429646169820e-02	7.5898270023956521e-02
-8.7779170197864867e-02	8.6375273057378382e-02
1.8160210055962550e-02	-1.0731443207975689e-02
-1.6794881220076874e-02	1.8858784293363293e-01
1.0911278288801434e-02	-1.4546908469592076e-01
8.6286379401004185e-02	8.4740942196112584e-02
-2.0031241346375420e-02	-3.8133050186992742e-02
8.4541889901155312e-02	-8.6848108753924208e-02
7.0122343343209277e-03	4.9348202729022898e-02
-2.3240910234571635e-01	-9.8166445783681167e-02
8.6243810053188014e-02	1.2393108966226223e-01
1.8411088970779926e-01	-2.5540105637328406e-02
1.2292850960625364e-01	3.8739682770354153e-02
-1.3488532075461240e-01	5.9698432485251293e-02
-8.0731848538930284e-02	-8.3113044636000569e-02
-9.9236417036766056e-02	1.7469214316877213e-01
1.7391872925351543e-01	5.8077761394191345e-02
1.2550082953140468e-02	-7.2535828306095992e-02
-1.1189610101454911e-01	1.2193706919077459e-01
-4.7861771913925086e-02	-4.6417726148104452e-02
-2.4903781698810936e-02	-3.3670606941224236e-02
3.4532105763710880e-02	-1.4148661482377051e-01
3.9974133814968109e-02	5.4584062157807776e-02
-4.8070404826289471e-02	-2.8742230020205574e-02
-1.5290427762116143e-01	-1.8848306259058742e-01
2.3767860217980101e-02	2.5228785167226160e-02
1.2889382441726556e-02	5.5180143851116255e-02
-2.9695716587321171e-02	1.0305582275892367e-01
1.0784812319909445e-01	7.8107383731121846e-02
1.8276465964555247e-02	-2.6264796166538703e-02
-9.4248398633046071e-02	-1.2034923896584032e-01
-1.8658747397707516e-02	-2.8479049589662603e-02
-1.5211031991515427e-02	2.0960392126185574e-02
-4.9350120871928541e-02	-1.0937263720073069e-01
-2.1065022286260619e-02	-2.8697350554428940e-02
-1.8727242209423321e-02	6.2335628631895963e-02
-9.9638294954341525e-02	-9.3701598090114399e-02
-9.3174228836165086e-03	-1.0688558281258353e-01
1.3382633826010107e-01	-5.1248231184011429e-02
6.2028435316115191e-03	-2.5073417321918205e-02
6.6016545926762121e-04	1.8256439355349621e-02
3.8406852658952412e-02	-1.0216369812162848e-01
-2.9528743706454677e-03	-1.0291379254003435e-01
-5.3435664711144838e-02	7.0379119899756939e-02
-1.4613879007044481e-01	5.3334313205472342e-02
7.1166398190303695e-02	-4.4513611192750838e-02
2.2380126384478982e-01	-5.8036137690398323e-02
-3.9637749763585188e-02	-3.4104771382037373e-02
7.2857994118309219e-02	-2.0096017646181581e-02
1.4201332813122763e-01	1.1146663465042907e-01
-9.0030619941205842e-02	-1.3000216557287275e-01
3.1618000480774920e-02	3.4091424378178997e-02
-1.1698644506746020e-01	2.2506388061348481e-02
-9.6107778187672147e-02	-1.3364105109973365e-01
-2.4485394995463228e-01	2.0600876742451921e-01
-1.3971965558560295e-01	1.5773627523033024e-01
6.0349249473994601e-02	3.8102787000869789e-02
-4.8273242634397688e-02	1.2677930701869930e-01
-9.9506503903144305e-02	1.4970862518230543e-01
1.1699789889137270e-01	3.0918614314758681e-02
1.1127924210330428e-02	-1.8456106236788289e-01
2.7512608033604037e-02	2.0850424701588058e-02
1.8362803400284171e-02	-4.9704410994318108e-03
-1.4052298003346527e-02	6.2512880899711215e-02
1.7790622178139745e-02	6.3452654795494598e-02
1.1603780012561883e-01	5.0885406154721903e-02
-8.6236367871405969e-02	2.2064638819149884e-01
2.5990499840032908e-02	3.3609339660012727e-02
-1.2989475507962475e-01	-1.2231661893842877e-01
9.9634220412668895e-02	2.3883412650952562e-02
7.0808680493358506e-02	1.0619943114571066e-01
8.0589540345469085e-02	-5.2926552189217622e-02
7.7452401271140059e-02	1.2238405603725055e-02
-2.6978865944192060e-01	3.1147996093794865e-02
-6.0439372594080144e-02	8.8485497400464328e-03
-1.4352993098114367e-01	5.1071960825434436e-02
-9.6020937420799660e-02	-2.2024505053079818e-01
-1.1520966331173350e-01	-5.8125535559630112e-02
4.4752849753820136e-02	1.4336729390718997e-01
-3.2900432531573987e-02	-2.6263196314771007e-02
-4.1249416856880480e-02	9.6073679444416568e-02
5.9498596441441197e-02	-3.6475048558783196e-02
1.4561891262937957e-01	-1.3274578627261635e-01
-9.4777572660607254e-02	2.5058536002101128e-01
-9.1215990479016615e-02	-1.0953252870516215e-03
1.1708903751632865e-01	-4.8770107401781962e-02
-2.0008681798444775e-01	8.2593027083469273e-02
3.4601940511215399e-03	-1.0964980862916708e-01
-1.0474017310865319e-01	1.6507260481582006e-02
3.9046670785804441e-02	-6.8030151876092709e-02
1.7498299548817117e-01	-9.4217190414773264e-02
7.7981882206554859e-02	1.3618428072888922e-02
7.6918106684293233e-02	-6.8606093840982263e-02
5.2884391178236630e-02	-2.1667479512462062e-02
6.9094591522071022e-02	6.2261755145822696e-02
-3.3122119097761908e-02	6.0616689090019743e-02
-1.3783700994741713e-01	3.8454491471061683e-02
-1.0778317798532319e-01	-1.7216259202623238e-01
9.8599464393723538e-02	-1.4684782047619454e-02
-1.7243424524359890e-01	9.2886967664331382e-02
-1.0615067824831038e-01	9.0551918255731320e-02
1.6652903579123171e-01	-1.7159673687942986e-01
-1.1289686599035724e-01	-7.7651537810187382e-02
1.0217019759028334e-01	-5.4568506094315627e-02
1.0191385370421858e-01	-8.6595587719883807e-02
-6.0444730134637366e-02	3.6480983037667954e-02
1.0377647752463322e-01	-1.9222192604676575e-02
7.2483422674797321e-02	-1.3891291554454938e-01
1.0134062148544982e-01	-1.2964686500116543e-01
-7.5116875739478756e-02	1.5078304641473872e-01
