-2.838463224640710384e-03 2.550731694604707056e-01
-1.386167149954891376e-01 -6.442583971553150768e-02
8.054780618668420933e-02 -9.246743804886756180e-02
7.849467836708952373e-02 -4.390487813828684027e-01
1.444683332086633687e-01 -5.597207520306352047e-02
-1.248152148187471611e-01 -5.040871861517409735e-01
-1.507332247334095161e-02 6.776992879413619442e-02
1.187080512321511336e-02 -1.465042609539699003e-01
-1.204590753116669133e-01 -2.624032212226524163e-01
5.961402814544075612e-01 1.148600679191566637e-01
4.299118754926173902e-01 1.317325893244378765e-01
-1.719433374582790552e-02 -1.819350903580521130e-03
-7.405688439553716196e-02 -8.970798385511598305e-02
5.408679235728691345e-03 2.685259758569849553e-01
-7.403752997195818530e-02 1.290883190203549191e-01
2.746279850548722368e-01 -2.349891829912685581e-01
2.792003915303915007e-01 4.001250445600357253e-01
8.679229510148441613e-04 2.126404768892639352e-01
-2.461949106998169157e-01 -1.576802041971968327e-01
-3.615714642370661536e-01 1.156116512695734844e-01
9.159102016250232625e-02 -3.477266682444595802e-01
-5.261409087504088922e-02 1.857724022790383511e-01
-4.607350086827449176e-01 5.482715674562636116e-02
6.854477962005878222e-02 -1.453515155894629339e-02
-2.020673625407275464e-01 3.520390262820773941e-01
2.953399956702466578e-01 -3.602359485105355863e-01
-1.110461855538539405e-01 8.800401711260597004e-02
-7.613443774216736848e-02 -2.564573866924752532e-01
4.193374229638804351e-01 3.896662125641888186e-01
3.426324463630028849e-02 3.782726110813492970e-01
3.356783862347030301e-01 6.141945560083145877e-03
-5.097208288859772507e-02 3.879411399641831404e-02
4.100555357119809452e-01 1.710009280021460298e-01
3.105647711763715457e-01 -1.746171211594811923e-01
-2.774666878881972693e-02 -2.514867468597760114e-01
-2.981292431596381243e-01 -7.541192523770295746e-03
-2.236825554185357112e-01 2.234905027213157647e-01
-1.893114009810982767e-01 2.932839515094515237e-01
2.336177266935561825e-01 -1.442007087780571573e-01
-6.245818421466137194e-01 2.864188121073325544e-01
2.086526781164767808e-01 -7.643981257303610055e-02
-2.575061081999748258e-01 -1.446649043511475524e-02
-5.929228776442756477e-01 -2.791244021324610358e-01
4.733391880432806786e-01 -3.706503172457294853e-02
-6.337765519030338357e-01 -2.720316164852936702e-01
-9.624154898805697966e-02 1.396544206606910865e-01
1.901561062185026796e-01 4.568363915499572547e-01
2.517095026949078829e-01 -1.684913997729203805e-01
1.796910387383270635e-01 -2.439430217176844218e-01
2.658913124968372010e-02 2.798143050126680742e-01
-3.352462873704238899e-01 2.487595725840178670e-02
-4.579682183537154422e-02 -1.179735612763087860e-01
1.438230999557242318e-01 3.113188216278766074e-01
-1.919087679880370767e-01 -5.215318478094299603e-02
5.422235730646723928e-02 3.615429162691644049e-01
-5.016244252441517254e-02 -1.121878216694290609e-01
7.049044219569046421e-02 -1.346212523103835525e-02
3.681356471279964571e-01 -2.284688418369705890e-02
1.377493707907143372e-01 1.811639795214396720e-01
3.128164983943976241e-01 -8.784679042233048407e-02
-4.538257077277449425e-01 4.346897243899948138e-01
1.229925251853568671e-02 -8.205646903575757045e-02
-1.235318217721523976e-01 -1.991727063210285698e-01
1.369546760483569825e-01 -5.300898583786245455e-02
-5.309981433106853582e-02 1.612801647366952640e-01
-3.073394079301197679e-02 2.592296328321557208e-01
-1.610352478688546196e-01 5.803305244646214667e-02
-4.866015282700725253e-02 2.474956807181145219e-02
-5.980812203822633011e-01 2.451693390985489746e-02
1.978098856829986485e-01 5.576496765097309627e-01
-3.535358773593677562e-01 -8.494499234547844835e-02
6.952942929725984544e-02 1.690121749971796039e-01
